39
45.000000000000000
22.500000000000000
11.250000000000000
5.625000000000000
2.812500000000000
1.406250000000000
0.703125000000000
0.351562500000000
0.175781250000000
0.087890625000000
0.043945312500000
0.021972656250000
0.010986328125000
0.005493164062500
0.002746582031250
0.001373291015625
0.000686645507812
0.000343322753906
0.000171661376953
0.000085830688477
0.000042915344238
0.000021457672119
0.000010728836060
0.000005364418030
0.000002682209015
0.000001341104507
0.000000670552254
0.000000335276127
0.000000167638063
0.000000083819032
0.000000041909516
0.000000020954758
0.000000010477379
0.000000005238689
0.000000002619345
0.000000001309672
0.000000000654836
0.000000000327418
0.000000000163709
0.000000000081855
0.000000000040927
